,City,Country,Latitude,Longitude,High Temp,Humidity,Cloudiness,Wind Speed
0,Rwamagana,RW,-1.95,30.43,62.67,67,100,1.9
1,Butaritari,KI,3.07,172.79,81.72,83,100,22.57
2,Rikitea,PF,-23.12,-134.97,78.94,77,100,15.75
3,Vestmannaeyjar,IS,63.44,-20.27,38.64,84,100,71.94
4,Bengkulu,ID,-3.8,102.27,88.56,54,17,1.66
5,Grindavik,IS,63.84,-22.43,32.0,82,90,43.62
6,Mataura,NZ,-46.19,168.86,57.99,75,1,5.01
7,Busselton,AU,-33.65,115.33,91.99,26,0,10.02
8,Mount Isa,AU,-20.73,139.5,102.2,12,0,12.75
9,Sibolga,ID,1.74,98.78,83.55,69,72,1.81
10,Isoka,ZM,-10.16,32.63,64.42,98,100,1.43
11,Ushuaia,AR,-54.8,-68.3,53.6,58,90,13.87
12,Sedro-Woolley,US,48.5,-122.24,46.0,81,90,3.36
13,Sicuani,PE,-14.27,-71.23,40.14,88,100,2.91
14,Hobart,AU,-42.88,147.33,81.0,57,75,8.05
15,Jizan,SA,17.33,42.67,77.0,73,0,6.93
16,Esna,EG,25.29,32.55,51.8,57,0,2.57
17,Kapaa,US,22.08,-159.32,82.4,88,40,8.05
18,Qaanaaq,GL,77.48,-69.36,-11.9,57,0,7.7
19,Atuona,PF,-9.8,-139.03,81.09,79,1,14.67
20,Opuwo,NA,-18.06,13.84,68.97,40,43,5.12
21,Albany,US,42.6,-73.97,34.0,100,90,9.17
22,Port Alfred,ZA,-33.59,26.89,71.01,93,0,12.35
23,Husavik,IS,66.04,-17.34,21.2,62,90,33.33
24,Vaini,TO,-21.2,-175.2,84.2,66,20,14.99
25,Palana,RU,59.12,159.97,21.11,90,100,2.53
26,Aksarka,RU,66.56,67.8,4.5,97,95,5.88
27,Sarangani,PH,5.4,125.46,80.98,83,100,27.69
28,Imbituba,BR,-28.24,-48.67,73.4,94,75,2.24
29,Hermanus,ZA,-34.42,19.23,64.99,100,3,1.36
30,Tuatapere,NZ,-46.13,167.68,57.99,75,0,5.01
31,Yeppoon,AU,-23.13,150.73,87.8,66,20,8.05
32,Port Elizabeth,ZA,-33.92,25.57,69.8,88,20,8.05
33,Carnarvon,AU,-24.87,113.63,82.4,58,0,10.29
34,Daru,PG,-9.08,143.21,88.11,63,99,8.46
35,Barranco,PA,9.52,-82.7,78.01,91,100,1.01
36,New Norfolk,AU,-42.78,147.06,81.0,57,75,8.05
37,Dikson,RU,73.51,80.55,16.63,93,100,21.23
38,Thompson,CA,55.74,-97.86,-11.2,76,5,4.7
39,Santiago del Estero,AR,-27.8,-64.26,81.03,55,90,3.71
40,Bluff,NZ,-46.6,168.33,57.99,75,0,5.01
41,Seydi,TM,39.48,62.91,44.74,54,100,18.99
42,Mossamedes,AO,-15.2,12.15,75.45,72,95,8.41
43,Chui,UY,-33.7,-53.46,72.14,79,49,14.23
44,Yellowknife,CA,62.46,-114.35,1.4,77,90,11.41
45,Siruguppa,IN,15.63,76.9,74.03,56,0,2.42
46,Dukat,RU,62.55,155.55,-16.42,96,100,6.49
47,San Cristobal,VE,7.77,-72.22,80.6,65,20,3.36
48,Port Augusta,AU,-32.5,137.77,84.0,65,1,18.34
49,Punta Arenas,CL,-53.15,-70.92,51.8,81,100,11.41
50,Grand Gaube,MU,-20.01,57.66,82.0,94,20,12.28
51,Yulara,AU,-25.24,130.99,102.2,18,0,6.93
52,Wangaratta,AU,-36.37,146.33,89.01,48,88,8.05
53,Tabou,CI,4.42,-7.35,74.39,95,28,1.74
54,Salalah,OM,17.02,54.09,68.0,19,0,14.99
55,Florianopolis,BR,-27.61,-48.5,73.4,94,75,2.24
56,Hilo,US,19.73,-155.09,80.6,65,75,13.87
57,Brigham City,US,41.51,-112.02,37.4,65,1,3.36
58,Novosemeykino,RU,53.38,50.37,10.4,92,66,2.24
59,Denpasar,ID,-8.65,115.22,87.8,74,20,6.93
60,La Ronge,CA,55.1,-105.28,6.8,60,90,16.11
61,Ryotsu,JP,38.08,138.43,55.4,82,90,2.24
62,Oranjemund,NA,-28.55,16.43,62.92,92,82,6.2
63,Ulaangom,MN,49.98,92.07,-2.92,90,34,2.21
64,Samarai,PG,-10.62,150.67,82.02,75,100,5.61
65,Bull Savanna,JM,17.89,-77.59,67.41,93,7,2.84
66,Craig,US,40.52,-107.55,18.0,85,1,4.54
67,Vestmanna,FO,62.16,-7.17,33.8,74,100,31.09
68,George Town,MY,5.41,100.34,89.6,70,20,4.7
69,Vila Franca do Campo,PT,37.72,-25.43,62.6,88,40,14.99
70,Sibu,MY,2.3,111.82,84.2,74,75,8.05
71,Tiksi,RU,71.69,128.87,-29.34,86,35,6.33
72,Vysokogornyy,RU,50.12,139.15,10.35,79,98,5.66
73,Auki,SB,-8.77,160.7,84.06,76,58,18.43
74,Abu Zabad,SD,12.35,29.25,59.59,20,0,11.3
75,Tasiilaq,GL,65.61,-37.64,23.0,49,100,43.62
76,Ribeira Grande,PT,38.52,-28.7,55.87,78,81,7.74
77,Arraial do Cabo,BR,-22.97,-42.03,73.4,94,75,6.93
78,Rocha,UY,-34.48,-54.33,67.57,88,0,11.23
79,Neftcala,AZ,39.37,49.25,44.56,71,57,12.53
80,Springbok,ZA,-29.66,17.89,63.41,29,0,1.97
81,Okhotsk,RU,59.38,143.3,3.51,82,100,14.32
82,Cabo San Lucas,MX,22.89,-109.91,64.0,72,5,1.5
83,Salta,AR,-24.79,-65.41,73.4,88,75,3.36
84,Warmbad,NA,-28.45,18.73,70.57,28,11,1.19
85,Dudinka,RU,69.41,86.18,12.2,85,90,29.08
86,Aranos,NA,-24.13,19.12,76.19,46,69,6.53
87,Torbay,CA,47.67,-52.73,30.99,92,90,18.34
88,Deniliquin,AU,-35.53,144.97,93.99,37,25,5.01
89,Nanortalik,GL,60.14,-45.24,18.84,36,59,6.33
90,Faanui,PF,-16.48,-151.75,82.17,76,0,10.47
91,Kavaratti,IN,10.57,72.64,82.4,78,20,4.7
92,Road Town,VG,18.42,-64.62,78.8,65,1,16.11
93,Norman Wells,CA,65.28,-126.83,-22.0,67,90,16.11
94,Buala,SB,-8.14,159.59,84.0,78,95,9.75
95,Barquisimeto,VE,10.07,-69.32,73.4,78,1,9.17
96,Hasaki,JP,35.73,140.83,63.0,72,75,4.7
97,Nishihara,JP,26.18,127.76,80.6,78,40,20.8
98,Saskylakh,RU,71.92,114.08,9.07,92,100,10.65
99,Rabo de Peixe,PT,37.8,-25.58,62.6,88,40,14.99
100,Alofi,NU,-19.06,-169.92,82.4,74,100,9.17
101,Bredasdorp,ZA,-34.53,20.04,62.01,93,47,2.24
102,Barrow,US,71.29,-156.79,-31.0,93,1,3.36
103,Ramtek,IN,21.4,79.33,71.6,49,0,2.24
104,Mayo,US,38.89,-76.51,45.0,66,1,17.22
105,Aklavik,CA,68.22,-135.01,-36.4,65,5,2.51
106,Gushi,CN,34.64,109.58,45.23,20,100,9.44
107,Aleksandrovskiy Zavod,RU,50.92,117.94,1.63,73,0,5.06
108,Tuburan,PH,6.64,122.27,87.8,66,75,10.29
109,Cape Town,ZA,-33.93,18.42,69.01,93,75,11.41
110,Aransas Pass,US,27.91,-97.15,55.4,71,1,9.17
111,San Quintin,MX,30.48,-115.95,57.76,72,80,6.42
112,Kolvereid,NO,64.87,11.6,34.68,66,100,15.88
113,Puerto Ayora,EC,-0.74,-90.35,77.29,81,5,6.8
114,Pangnirtung,CA,66.15,-65.71,-26.32,82,0,3.8
115,Cidreira,BR,-30.18,-50.21,74.98,79,0,29.06
116,Faya,SA,18.39,42.45,51.8,50,20,3.36
117,Severo-Kuril'sk,RU,50.68,156.12,20.57,88,94,23.55
118,Khatanga,RU,71.97,102.5,9.63,91,100,15.01
119,Taitung City,TW,22.76,121.14,82.4,61,20,8.05
120,Fortuna,US,40.6,-124.16,48.0,87,90,5.37
121,Saint George,US,37.1,-113.58,48.2,46,1,1.77
122,Lillooet,CA,50.69,-121.94,42.8,94,40,11.41
123,Bambous Virieux,MU,-20.34,57.76,82.0,94,20,9.57
124,Charleston,US,32.78,-79.93,64.0,93,75,8.7
125,Ergani,TR,38.27,39.76,14.0,92,90,2.24
126,Jamestown,US,42.1,-79.24,24.8,92,90,12.75
127,Saldanha,ZA,-33.01,17.94,66.2,93,0,3.36
128,Vanimo,PG,-2.67,141.3,81.9,74,100,7.85
129,Tarko-Sale,RU,64.92,77.78,10.99,83,100,12.8
130,Diglur,IN,18.55,77.6,73.11,35,0,2.35
131,Osterhofen,DE,48.7,13.02,43.0,82,100,10.8
132,Vallenar,CL,-28.57,-70.76,64.81,64,42,2.57
133,Nikolskoye,RU,59.7,30.79,34.0,86,90,4.47
134,Balikpapan,ID,-1.27,116.83,89.6,70,40,13.87
135,Kodiak,US,57.79,-152.41,28.4,74,1,10.25
136,Necochea,AR,-38.55,-58.74,62.01,95,97,5.23
137,Longyearbyen,SJ,78.22,15.64,-2.2,70,20,5.82
138,East London,ZA,-33.02,27.91,69.8,83,40,6.93
139,Los Llanos de Aridane,ES,28.66,-17.92,66.0,72,92,5.82
140,Moree,AU,-29.47,149.85,84.2,51,90,4.7
141,Vardo,NO,70.37,31.11,23.0,79,20,8.05
142,Souillac,MU,-20.52,57.52,81.0,94,20,7.7
143,Dunedin,NZ,-45.87,170.5,55.0,73,82,11.99
144,Mae Chan,TH,20.15,99.85,79.0,47,0,3.36
145,Ancud,CL,-41.87,-73.82,51.8,93,90,9.17
146,Cockburn Town,TC,21.46,-71.14,77.65,74,0,23.31
147,Mabaruma,GY,8.2,-59.78,69.04,98,92,2.13
148,Areosa,PT,41.72,-8.86,57.99,100,75,6.93
149,Sorland,NO,67.67,12.69,36.37,55,55,23.13
150,Flin Flon,CA,54.77,-101.86,-1.3,91,100,11.01
151,Paamiut,GL,61.99,-49.67,4.71,44,0,9.26
152,Avarua,CK,-21.21,-159.78,73.4,94,100,8.05
153,Krasnosel'kup,RU,65.7,82.47,8.19,81,100,11.88
154,Hong Kong,HK,22.29,114.16,75.99,88,40,13.87
155,Camacha,PT,33.08,-16.33,62.6,87,20,4.7
156,Lompoc,US,34.64,-120.46,52.0,93,1,3.36
157,Jutai,BR,-5.18,-68.9,71.2,98,92,1.72
158,Talnakh,RU,69.49,88.4,12.2,85,90,29.08
159,Suna,RU,57.83,50.06,10.44,87,100,3.58
160,Baghdad,IQ,33.34,44.4,48.2,51,14,6.93
161,Carutapera,BR,-1.2,-46.02,80.98,83,15,13.58
162,Bethel,US,41.37,-73.41,39.99,93,75,8.05
163,Castro,BR,-24.79,-50.01,58.42,98,11,6.49
164,Ilulissat,GL,69.22,-51.1,8.6,71,100,5.82
165,Mar del Plata,AR,-38.0,-57.56,66.0,100,90,3.36
166,Tuktoyaktuk,CA,69.45,-133.04,-31.0,73,75,11.41
167,Tual,ID,-5.67,132.75,83.75,80,86,16.17
168,Rio Gallegos,AR,-51.62,-69.22,62.6,36,90,25.28
169,Elizabeth City,US,36.29,-76.25,60.8,100,90,3.36
170,Noumea,NC,-22.28,166.46,93.2,59,75,14.99
171,Kungurtug,RU,50.6,97.52,-0.2,66,0,1.48
172,Daura,NG,11.55,11.41,61.72,16,2,10.0
173,Joao Pinheiro,BR,-17.74,-46.17,70.77,89,0,3.47
174,Skjeberg,NO,59.23,11.2,30.0,92,100,1.12
175,Pleasant Point,NZ,-44.27,171.13,60.01,90,100,8.01
176,Codrington,AU,-38.27,141.97,68.27,89,92,18.16
177,Sinnamary,GF,5.38,-52.95,78.98,76,0,17.49
178,Cherskiy,RU,68.75,161.3,-22.76,94,100,6.4
179,Miranda,CO,3.25,-76.23,75.2,69,40,8.05
180,Rangapara,IN,26.82,92.65,64.15,56,86,3.71
181,Hay River,CA,60.82,-115.8,-7.6,69,90,19.46
182,Bend,US,44.06,-121.32,41.0,52,1,6.93
183,Hithadhoo,MV,-0.6,73.08,82.71,73,3,6.13
184,Champerico,GT,14.3,-91.92,77.14,79,0,5.08
185,Katrineholm,SE,59.0,16.21,26.01,92,100,4.7
186,Port Macquarie,AU,-31.43,152.92,82.99,57,90,17.22
187,Lagoa,PT,39.05,-27.98,59.43,73,44,12.93
188,Safi,MA,32.3,-9.24,51.82,90,76,6.24
189,Nome,US,64.5,-165.41,-6.0,69,20,4.61
190,Ende,ID,-8.84,121.66,84.07,67,16,4.0
191,Vila Velha,BR,-20.33,-40.29,77.0,83,75,4.7
192,Chipinge,ZW,-20.19,32.62,63.23,93,50,3.11
193,Nara,JP,34.69,135.8,55.99,93,75,5.82
194,North Vanlaiphai,IN,23.13,93.07,66.31,35,0,1.07
195,Lebu,CL,-37.62,-73.65,52.59,75,0,7.02
196,Constitucion,CL,-35.33,-72.42,53.04,78,0,8.25
197,Mahon,ES,39.89,4.27,50.0,93,90,4.7
198,Fengrun,CN,39.83,118.12,24.89,86,100,22.7
199,Araouane,ML,18.9,-3.53,69.35,31,0,12.75
200,Nuristan,AF,35.3,70.83,-2.0,44,0,17.18
201,Christchurch,NZ,-43.53,172.63,64.99,82,100,12.75
202,Zhangjiakou,CN,40.81,114.88,11.35,81,100,9.08
203,Sabha,LY,27.04,14.43,56.79,16,0,9.08
204,Abnub,EG,27.27,31.15,50.0,66,9,4.7
205,Baykalsk,RU,51.51,104.15,12.27,78,0,1.48
206,Kaitangata,NZ,-46.28,169.85,50.74,71,38,10.71
207,Severo-Yeniseyskiy,RU,60.37,93.04,4.75,93,71,1.88
208,Serenje,ZM,-13.23,30.24,64.44,98,100,2.48
209,Matagami,CA,49.75,-77.63,-22.0,82,1,5.82
210,Beira,MZ,-19.84,34.84,77.0,94,40,2.24
211,Fort Nelson,CA,58.81,-122.7,-4.0,70,90,11.41
212,Tirumullaivasal,IN,11.23,79.83,79.72,61,0,8.59
213,Nuuk,GL,64.18,-51.72,8.6,71,97,9.17
214,Yangjiang,CN,21.85,111.97,71.01,75,93,14.23
215,Flinders,AU,-34.58,150.86,82.0,57,40,8.05
216,Yangi Marg`ilon,UZ,40.43,71.72,37.4,82,0,2.24
217,Kununurra,AU,-15.77,128.73,93.2,49,36,8.05
218,Karpathos,GR,35.51,27.21,57.2,67,100,3.36
219,Kibre Mengist,ET,5.88,38.98,54.19,85,2,2.33
220,Tebingtinggi,ID,3.33,99.16,87.8,74,40,8.05
221,Abha,SA,18.22,42.51,51.8,50,20,3.36
222,Port Blair,IN,11.67,92.75,84.2,66,20,2.24
223,Slave Lake,CA,55.28,-114.77,10.4,92,1,4.7
224,Puri,IN,19.8,85.85,73.4,53,26,1.12
225,Hailey,US,43.52,-114.32,23.0,73,5,8.05
226,Waingapu,ID,-9.66,120.26,83.43,74,9,6.35
227,Kieta,PG,-6.22,155.63,84.65,76,100,22.95
228,Camana,PE,-16.62,-72.71,65.21,88,72,3.0
229,Guatire,VE,10.48,-66.54,75.2,94,66,10.29
230,Ponta do Sol,PT,32.67,-17.1,62.6,82,75,2.24
231,Kruisfontein,ZA,-34.0,24.73,63.45,84,0,4.81
232,Mount Gambier,AU,-37.83,140.77,77.0,65,75,13.87
233,Lorengau,PG,-2.02,147.27,83.52,77,54,15.21
234,Hamilton,US,39.18,-84.53,24.01,73,90,8.05
235,Orsk,RU,51.2,58.57,17.6,85,90,13.42
236,Katsuura,JP,35.13,140.3,62.01,76,75,4.7
237,Tiznit,MA,29.58,-9.5,54.19,30,83,0.94
238,Mikhaylovka,RU,50.06,43.24,21.99,91,100,9.15
239,Broken Hill,AU,-31.95,141.43,95.0,24,75,12.75
240,Airai,TL,-8.93,125.41,80.31,65,16,4.16
241,Ranong,TH,9.97,98.63,89.6,62,20,2.24
242,Aniva,RU,46.71,142.53,17.6,85,75,13.42
243,Koumac,NC,-20.57,164.28,87.42,59,20,1.59
244,Mahina,PF,-17.51,-149.49,86.0,66,75,11.41
245,Dingle,PH,11.0,122.67,82.49,69,49,12.59
246,Balkanabat,TM,39.51,54.37,40.62,76,100,1.81
247,Naze,JP,28.37,129.48,73.4,100,75,13.87
248,Ucluelet,CA,48.93,-125.55,42.01,91,100,1.01
249,Qandala,SO,11.47,49.87,69.39,72,0,4.36
250,Half Moon Bay,US,37.46,-122.43,52.0,76,90,6.82
251,Huarmey,PE,-10.07,-78.15,69.82,79,94,3.13
252,Douentza,ML,15.0,-2.95,63.32,11,0,2.77
253,Dahuk,IQ,36.87,42.99,24.76,83,28,4.54
254,Shangrao,CN,28.45,117.97,61.63,85,100,5.82
255,Kavieng,PG,-2.57,150.8,83.19,79,100,13.27
256,West Bay,KY,19.37,-81.42,79.0,88,0,9.17
257,Bengbu,CN,32.94,117.36,60.21,84,97,10.67
258,Mahebourg,MU,-20.41,57.7,82.0,94,20,7.7
259,Mogadishu,SO,2.04,45.34,78.8,65,0,30.02
260,Anshun,CN,26.25,105.93,62.08,70,50,10.85
261,Amalapuram,IN,16.58,82.02,78.8,74,96,2.86
262,Chokurdakh,RU,70.63,147.92,-29.4,97,85,2.98
263,Ballitoville,ZA,-29.54,31.21,75.99,88,0,1.12
264,Amapa,BR,1.0,-52.0,72.27,97,100,3.51
265,Jawa,JO,31.85,35.94,44.6,93,26,5.28
266,Fenoarivo Atsinanana,MG,-17.37,49.42,80.6,83,75,2.19
267,Laguna,US,38.42,-121.42,54.0,81,1,6.93
268,Trincomalee,LK,8.57,81.23,76.86,80,100,2.98
269,Paris,FR,48.85,2.35,48.0,87,90,8.05
270,Boden,SE,65.83,21.69,6.8,92,0,3.36
271,Lavrentiya,RU,65.58,-171.0,1.18,75,96,9.53
272,Kaeo,NZ,-35.1,173.78,73.99,69,100,5.01
273,Narasapuram,IN,16.45,81.67,75.49,74,96,3.78
274,Biak,ID,-0.91,122.88,82.54,72,50,4.07
275,Ostrovnoy,RU,68.05,39.51,22.62,92,18,16.96
276,Cayenne,GF,4.93,-52.33,78.8,78,20,4.7
277,Nelson Bay,AU,-32.72,152.15,82.0,54,48,19.46
278,San Fernando del Valle de Catamarca,AR,-28.47,-65.79,61.0,90,90,3.0
279,Mitu,CO,1.2,-70.17,75.79,88,100,2.24
280,Yuli,NG,9.7,10.27,67.21,21,45,8.61
281,Emporia,US,38.4,-96.18,15.01,78,1,3.36
282,Bathsheba,BB,13.22,-59.52,78.8,69,20,24.16
283,Aljezur,PT,37.32,-8.8,54.0,92,0,7.7
284,Sept-Iles,CA,50.2,-66.38,-7.6,43,5,8.05
285,Sitka,US,57.05,-135.33,37.4,100,90,4.63
286,College Station,US,30.63,-96.33,42.8,80,1,9.17
287,Nisia Floresta,BR,-6.09,-35.21,78.8,100,75,3.36
288,Massakory,TD,13.0,15.73,62.02,12,0,10.49
289,Goodyear,US,33.44,-112.36,57.2,76,0,6.93
290,Bilma,NE,18.69,12.92,59.36,18,44,5.7
291,Manitouwadge,CA,49.12,-85.84,-16.74,94,10,3.85
292,Sola,VU,-13.88,167.55,91.4,66,20,5.82
293,Quang Ngai,VN,15.12,108.8,77.67,81,0,16.98
294,Srednekolymsk,RU,67.45,153.68,-26.07,94,94,4.0
295,Zambezi,ZM,-13.54,23.1,65.66,98,99,3.69
296,Saint-Philippe,RE,-21.36,55.77,82.4,65,40,6.93
297,Leningradskiy,RU,69.38,178.42,2.01,95,95,3.47
298,Touros,BR,-5.2,-35.46,75.2,100,75,3.36
299,Nuevo Progreso,MX,23.17,-97.95,64.99,77,100,3.0
300,Plainview,US,40.78,-73.47,41.0,60,90,13.87
301,Kuah,MY,6.33,99.84,87.8,74,20,1.12
302,Ziway,ET,7.93,38.72,55.71,82,85,10.16
303,Itarema,BR,-2.92,-39.92,73.13,95,100,5.99
304,Saint Stephen,GB,50.33,-4.9,48.0,93,100,10.29
305,Egvekinot,RU,66.32,-179.17,8.71,71,88,7.02
306,Igarka,RU,67.47,86.58,4.17,94,100,15.61
307,Karaton,ID,-6.34,106.1,80.6,83,75,8.05
308,Polunochnoye,RU,60.87,60.42,17.87,96,100,2.59
309,Kirovskiy,RU,45.09,133.51,11.98,85,99,8.77
310,Waipawa,NZ,-41.41,175.52,69.01,72,88,16.11
311,The Valley,AI,18.22,-63.06,78.8,74,40,13.87
312,Hualmay,PE,-11.1,-77.61,69.33,82,100,5.53
313,Alugan,PH,12.22,125.48,80.91,74,100,15.66
314,Te Karaka,NZ,-38.47,177.87,72.37,50,85,7.34
315,Keti Bandar,PK,24.14,67.45,70.32,59,41,7.36
316,Acapulco de Juarez,MX,16.86,-99.89,78.8,83,20,3.36
317,Putina,PE,-15.47,-69.43,50.5,69,100,6.87
318,Kahului,US,20.89,-156.47,82.4,58,40,21.92
319,Mareeba,AU,-17.0,145.43,100.4,27,0,11.41
320,Dombas,NO,62.07,9.12,4.51,73,0,4.56
321,Kholodnyy,RU,62.72,147.95,-10.77,87,100,7.29
322,Port Hardy,CA,50.7,-127.42,41.0,86,90,5.82
323,Lata,PT,40.16,-8.33,55.0,100,90,4.7
324,Salinopolis,BR,-0.61,-47.36,80.47,83,99,14.81
325,Pisco,PE,-13.7,-76.22,73.4,83,90,10.29
326,Maur,IN,30.08,75.25,55.92,48,0,7.72
327,Ust-Tsilma,RU,65.44,52.15,17.13,96,99,3.13
328,Geraldton,AU,-28.77,114.6,84.2,62,0,14.99
329,Upernavik,GL,72.79,-56.15,-10.14,83,42,7.05
330,Niquelandia,BR,-14.47,-48.46,69.96,89,100,1.81
331,Russell,US,32.35,-85.2,51.01,71,90,14.99
332,Nantucket,US,41.28,-70.1,39.2,93,75,13.87
333,Agadez,NE,19.75,10.25,57.52,19,90,2.84
334,Bilibino,RU,68.05,166.44,-5.51,98,86,0.54
335,Kadoshkino,RU,54.03,44.42,6.13,93,94,4.03
336,Zemlyansk,RU,51.9,38.73,30.2,92,90,2.24
337,Sorong,ID,-0.88,131.25,92.53,48,100,3.94
338,Nhulunbuy,AU,-12.23,136.77,93.2,63,20,12.75
339,Marzuq,YE,14.4,46.47,49.51,34,0,2.37
340,Yuanping,CN,38.72,112.76,34.99,27,100,6.24
341,Balabac,PH,7.99,117.06,83.44,73,44,15.86
342,Vao,NC,-22.67,167.48,81.66,85,100,13.18
343,Tevaitoa,PF,-16.78,-151.5,82.4,76,0,11.88
344,Haines Junction,CA,60.75,-137.51,-0.17,97,100,7.52
345,Coburg,DE,50.27,10.97,42.01,88,100,6.2
346,Piranshahr,IR,36.7,45.14,17.58,99,100,6.51
347,Prince Rupert,CA,54.32,-130.32,39.2,93,90,5.82
348,Yinchuan,CN,38.47,106.27,19.49,37,63,14.07
349,Narsaq,GL,60.92,-46.05,8.6,39,100,4.7
350,Oktyabrskiy,RU,54.48,53.47,5.27,93,100,2.8
351,Bloemfontein,ZA,-29.12,26.21,57.2,93,0,1.12
352,Tikhvin,RU,59.65,33.53,33.01,94,100,3.0
353,Peniche,PT,39.36,-9.38,53.01,93,20,2.24
354,Gunjur,GM,13.2,-16.73,75.2,41,5,6.93
355,Kuala Terengganu,MY,5.33,103.14,86.0,74,20,4.7
356,Avera,US,33.19,-82.53,55.4,81,1,9.17
357,Klaksvik,FO,62.23,-6.59,33.8,74,100,31.09
358,Zemio,CF,5.03,25.14,64.31,34,0,4.32
359,Margate,GB,51.38,1.39,44.01,93,40,8.05
360,Caravelas,BR,-17.71,-39.25,80.4,85,67,5.5
361,Brae,GB,60.4,-1.35,33.8,86,100,5.82
362,Te Anau,NZ,-45.42,167.72,54.37,69,29,2.66
363,Buluang,PH,13.31,123.34,81.63,67,0,9.86
364,Mehamn,NO,71.04,27.85,21.63,66,99,8.77
365,Svetlogorsk,BY,52.63,29.73,30.9,94,75,7.54
366,Ozernovskiy,RU,51.5,156.52,25.11,83,100,20.42
367,La Palma,US,33.85,-118.05,59.0,67,1,7.43
368,Komnina,GR,40.6,21.78,43.0,86,100,2.24
369,Asau,RO,46.43,26.4,28.4,79,66,11.41
370,Coahuayana Viejo,MX,18.73,-103.68,71.6,68,5,6.93
371,Numan,NG,9.47,12.03,66.74,24,86,2.89
372,Atar,MR,20.52,-13.05,70.56,25,0,12.75
373,Bubaque,GW,11.28,-15.83,79.03,73,0,10.27
374,Montague,US,42.54,-72.54,36.0,80,90,3.36
375,Beringovskiy,RU,63.05,179.32,12.63,88,100,16.53
376,Suez,EG,29.97,32.53,57.51,54,57,7.52
377,Raudeberg,NO,61.99,5.14,36.0,93,100,11.41
378,Ouadda,CF,8.08,22.4,63.68,19,3,4.99
379,Pacific Grove,US,36.62,-121.92,51.8,81,75,4.7
380,Nemuro,JP,43.32,145.57,41.0,81,20,1.12
381,San-Pedro,CI,4.75,-6.64,81.41,81,65,4.34
382,Richards Bay,ZA,-28.78,32.04,76.28,83,0,12.55
383,Wittingen,DE,52.73,10.74,42.01,100,75,1.12
384,Natchitoches,US,31.77,-93.13,45.0,70,90,8.05
385,Novyy Svit,UA,47.81,38.02,28.42,93,82,6.87
386,North Bend,US,43.41,-124.22,46.0,100,90,5.82
387,Eenhana,NA,-17.47,16.33,69.89,73,79,2.01
388,Mapiri,BO,-15.25,-68.17,67.44,99,100,0.98
389,Houlton,US,46.13,-67.84,8.6,71,90,12.75
390,Ingleside,US,27.88,-97.21,55.4,71,1,13.87
391,Banda Aceh,ID,5.56,95.32,85.03,64,34,3.36
392,Limoeiro do Ajuru,BR,-1.9,-49.38,74.68,98,63,2.8
393,San Policarpo,PH,12.18,125.51,80.91,74,100,15.66
394,El Real de Santa Maria,PA,8.11,-77.73,72.73,91,9,3.06
395,Ordzhonikidze,KZ,52.44,61.74,8.28,95,99,8.68
396,Cabedelo,BR,-6.98,-34.83,77.0,100,75,3.36
397,Taoudenni,ML,22.68,-3.98,64.24,29,0,6.96
398,Madera,US,37.17,-119.83,62.6,50,0,5.97
399,Tadine,NC,-21.55,167.88,85.17,74,100,12.26
400,Esperance,AU,-33.87,121.9,77.0,53,0,13.87
401,Fort Frances,CA,48.6,-93.4,-9.0,57,1,4.7
402,Gaza,PS,31.5,34.47,51.01,93,12,1.12
403,Pevek,RU,69.7,170.31,-2.22,97,100,7.87
404,Luderitz,NA,-26.65,15.16,63.63,87,0,19.17
405,Mmabatho,ZA,-25.85,25.63,62.6,88,0,3.36
406,Tugulym,RU,57.06,64.64,15.8,92,75,13.42
407,Boende,CD,-0.22,20.87,74.53,69,98,1.03
408,Tiarei,PF,-17.53,-149.33,86.0,66,75,11.41
409,Nouadhibou,MR,20.93,-17.03,71.6,56,13,9.17
410,Ishigaki,JP,24.34,124.16,75.2,100,75,10.29
411,Lardos,GR,36.09,28.02,59.0,87,20,3.36
412,Kaduqli,SD,11.02,29.72,67.86,15,0,14.72
413,Trairi,BR,-3.28,-39.27,73.24,88,99,4.81
414,Olafsvik,IS,64.89,-23.71,26.92,65,100,33.44
415,Requena,ES,39.49,-1.1,53.01,87,0,4.7
416,Inhambane,MZ,-23.86,35.38,75.2,88,20,1.1
417,Morondava,MG,-20.28,44.28,74.35,94,100,3.6
418,Comodoro Rivadavia,AR,-45.87,-67.5,66.2,42,75,16.11
419,Abu Samrah,SY,35.3,37.18,36.1,86,84,10.69
420,Sennoy,RU,52.15,46.96,12.96,95,100,7.02
421,Tarata,BO,-17.62,-66.02,60.8,87,40,4.54
422,Iqaluit,CA,63.75,-68.51,-23.01,67,40,21.92
423,Teya,RU,60.38,92.63,2.53,95,73,2.01
424,Aragarcas,BR,-15.9,-52.25,73.94,91,92,4.41
425,Noblesville,US,40.05,-86.01,16.0,84,90,9.17
426,Belmonte,BR,-15.86,-38.88,78.8,88,40,3.36
427,Roman,RO,46.92,26.92,28.4,79,74,11.41
428,Emerald,AU,-23.53,148.17,91.99,52,40,5.82
429,Fairbanks,US,64.84,-147.72,-18.99,82,1,2.82
430,Mahibadhoo,MV,3.78,72.97,82.44,77,100,10.63
431,Rajbiraj,NP,26.53,86.75,66.09,55,52,4.79
432,Kaka,TM,37.35,59.61,42.96,36,0,3.24
433,Kutum,SD,14.2,24.67,43.84,24,0,2.35
434,Luena,AO,-11.78,19.92,63.43,95,100,2.91
435,Paita,PE,-5.09,-81.11,77.09,70,0,7.7
436,Corn Island,NI,12.17,-83.04,81.25,75,100,17.4
437,Bairiki Village,KI,1.33,172.98,86.0,74,75,9.17
438,Itaituba,BR,-4.28,-55.98,74.25,97,100,0.6
439,Okha,RU,53.57,142.95,-3.98,79,0,17.69
440,Cercal,PT,37.81,-8.67,54.0,95,0,1.99
441,Laas,IT,46.62,10.7,28.99,86,75,3.36
442,Castlegar,CA,49.3,-117.67,33.01,87,100,3.89
443,Lebedyn,UA,50.59,34.48,28.24,93,61,7.61
444,Lerwick,GB,60.15,-1.15,33.8,86,100,7.4
445,Ganzhou,CN,28.82,115.43,64.15,88,100,3.98
446,Zabid,YE,14.2,43.32,72.59,64,2,3.36
447,Umm Lajj,SA,25.02,37.27,64.31,23,0,5.03
448,Meulaboh,ID,4.14,96.13,79.25,88,100,15.46
449,La Asuncion,VE,11.03,-63.86,77.0,94,40,9.33
450,Vasudevanallur,IN,9.23,77.42,75.52,70,100,6.98
451,San Andres,CO,12.58,-81.7,82.4,74,40,13.87
452,Uyuni,BO,-20.46,-66.83,59.49,49,77,15.19
453,Cervo,ES,43.67,-7.41,55.99,1,100,1.99
454,Verkhnyaya Inta,RU,65.98,60.31,8.4,93,100,3.27
455,Shimoda,JP,34.67,138.95,60.8,72,75,8.05
456,Assiniboia,CA,49.63,-105.98,17.35,84,98,22.55
457,Zhangye,CN,38.93,100.45,16.77,55,100,9.33
458,Liaozhong,CN,41.51,122.72,23.0,79,90,15.66
459,Khani,GE,41.96,42.96,33.8,95,90,3.36
460,Lhokseumawe,ID,5.18,97.15,80.08,75,77,3.44
461,Turaif,SA,31.67,38.66,39.2,93,0,12.75
462,Esim,GH,4.87,-2.24,75.31,96,4,1.77
463,Chardara,KZ,41.25,67.97,37.99,67,52,10.85
464,Razole,IN,16.48,81.83,75.96,73,96,2.86
465,Khandyga,RU,62.67,135.6,-24.02,92,33,2.15
466,Berezovyy,RU,51.67,135.7,9.77,62,0,3.51
467,Zhaotong,CN,27.32,103.72,50.4,52,93,0.6
468,Mangit,UZ,40.6,70.96,37.4,74,0,6.38
469,Zhezkazgan,KZ,47.8,67.71,14.0,92,90,6.71
470,Batagay-Alyta,RU,67.8,130.41,-22.74,68,0,3.74
471,Marystown,CA,47.17,-55.15,30.24,88,100,16.15
472,Lokosovo,RU,61.13,74.82,13.96,92,98,8.7
473,Chelmza,PL,53.18,18.6,36.0,86,75,4.7
474,Machaneng,BW,-23.19,27.49,67.59,75,1,5.57
475,San Jose,US,37.34,-121.89,52.0,76,40,9.17
476,Jalu,LY,29.03,21.55,60.35,65,98,9.1
477,Chifeng,CN,42.27,118.96,11.08,87,100,13.02
478,Ubari,LY,26.59,12.78,55.02,20,0,5.19
479,Tuy Hoa,VN,13.08,109.3,76.68,83,0,9.69
480,Kalmunai,LK,7.42,81.82,80.04,76,81,10.38
481,Edgewater,US,28.99,-80.9,77.0,73,1,5.82
482,Tezu,IN,27.92,96.17,69.66,39,0,3.36
483,Rapar,IN,23.57,70.63,70.95,38,0,8.21
484,Atikokan,CA,48.76,-91.62,-10.19,94,100,6.98
485,Ust'-Ishim,RU,57.69,71.17,3.13,94,88,8.23
486,Rock Sound,BS,24.9,-76.2,76.23,84,5,15.86
487,Puerto Escondido,MX,15.85,-97.07,80.6,69,5,2.91
488,Neyshabur,IR,36.21,58.8,34.14,36,0,1.61
489,Hit,IQ,33.64,42.83,46.08,58,66,17.31
490,Doka,SD,13.52,35.77,66.81,43,0,6.64
491,Alice Springs,AU,-23.7,133.88,102.2,13,0,8.05
492,Vitim,RU,59.45,112.56,7.52,91,100,12.55
493,Sobolevo,RU,54.43,31.9,30.78,89,92,9.4
494,Normandin,CA,48.83,-72.53,-13.0,62,20,12.75
495,Panaba,MX,21.28,-88.27,77.27,67,0,9.1
496,Jiuquan,CN,39.74,98.52,5.13,80,95,3.67
497,San Patricio,MX,19.22,-104.7,76.35,72,0,4.41
498,Mazarron,ES,37.6,-1.31,55.99,93,0,5.82
499,Pimenta Bueno,BR,-11.67,-61.19,71.58,97,100,1.07
500,Libreville,GA,0.39,9.45,75.2,100,20,6.93
501,Cabinda,AO,-5.55,12.2,83.5,75,75,5.97
502,Sao Raimundo das Mangabeiras,BR,-7.02,-45.48,74.16,86,4,1.79
503,Wiarton,CA,44.74,-81.13,10.0,84,90,5.82
504,Diamantino,BR,-14.41,-56.45,73.67,92,77,3.13
505,Kenai,US,60.55,-151.26,15.01,66,1,3.36
506,Mattru,SL,7.62,-11.83,71.8,96,0,2.35
507,Sukhobezvodnoye,RU,57.05,44.89,7.32,93,100,4.32
508,Alta Floresta,BR,-9.88,-56.09,72.57,95,68,2.82
509,Visby,SE,57.64,18.3,28.99,92,100,3.36
510,Iisalmi,FI,63.56,27.19,30.2,86,90,9.17
511,Mollendo,PE,-17.02,-72.01,68.77,88,99,1.34
512,Calderitas,MX,18.55,-88.25,78.8,83,40,5.82
513,Luganville,VU,-15.53,167.17,87.8,70,75,8.05
514,Zonguldak,TR,41.25,31.83,23.58,63,0,5.46
515,Antofagasta,CL,-23.65,-70.4,68.0,82,56,5.82
516,Gizo,SB,-8.1,156.84,82.6,71,96,7.29
517,Ust-Kuyga,RU,70.02,135.6,-29.36,96,1,6.55
518,Wangkui,CN,46.83,126.5,4.37,83,0,7.14
519,Yenagoa,NG,4.92,6.26,73.04,92,0,2.39
520,Hobyo,SO,5.35,48.53,76.41,72,100,21.59
521,Boysun,UZ,38.21,67.2,37.4,48,33,3.13
522,Sandwick,GB,60.0,-1.25,33.8,86,100,7.4
523,Adrar,MR,20.5,-10.07,67.78,17,0,13.0
524,Santa Cruz de Tenerife,ES,28.47,-16.25,69.01,25,33,4.7
525,Pandan,PH,14.05,124.17,81.79,73,4,9.15
526,Guerrero Negro,MX,27.98,-114.06,61.3,58,100,8.99
527,Kingsland,US,30.8,-81.69,71.6,93,90,4.7
528,Pundaguitan,PH,6.37,126.17,79.5,83,100,6.13
529,Murgab,TM,37.5,61.97,39.2,60,0,11.41
530,Port Hedland,AU,-20.32,118.57,93.2,59,0,16.11
531,Wajir,KE,1.75,40.06,78.8,69,40,4.7
532,Palamos,ES,41.85,3.13,53.01,100,90,0.56
533,Lakes Entrance,AU,-37.88,147.98,82.0,74,33,5.99
534,El Carmen,CO,8.51,-73.45,71.69,68,2,6.98
535,Goderich,CA,43.75,-81.72,17.01,81,100,5.01
536,Susehri,TR,40.16,38.09,3.79,83,11,2.8
537,Kagalnitskaya,RU,46.88,40.15,32.0,90,85,8.99
538,Goleniow,PL,53.56,14.83,36.0,97,75,4.7
539,Villa Carlos Paz,AR,-31.42,-64.5,75.99,88,75,2.24
540,Astoria,US,46.19,-123.83,46.99,87,90,12.91
541,Otradnoye,RU,59.78,30.82,34.0,86,90,4.47
542,Chengde,CN,40.97,117.94,22.32,92,100,3.27
543,Kysyl-Syr,RU,63.9,122.76,-25.58,94,0,2.08
544,Lively,CA,46.43,-81.15,-14.8,75,5,4.7
545,Tarsus,TR,36.92,34.88,35.6,69,0,3.36
546,Nizwa,OM,22.93,57.53,55.35,57,0,0.34
547,Sangar,RU,63.92,127.47,-24.83,91,0,3.04
548,Mezen,RU,65.85,44.24,23.79,94,99,8.28
549,Konongo,GH,6.62,-1.22,66.15,93,96,1.07
550,Isangel,VU,-19.55,169.27,86.0,84,75,13.49
551,Khovu-Aksy,RU,51.13,93.6,2.82,82,2,8.5
552,Ures,MX,29.43,-110.4,66.0,57,75,3.0
553,Oum Hadjer,TD,13.3,19.7,60.8,10,0,8.55
554,Skelleftea,SE,64.75,20.95,12.99,85,0,5.82
555,Takoradze,GH,4.88,-1.76,75.31,96,4,1.77
556,Ahipara,NZ,-35.17,173.17,82.99,61,100,1.01
557,Anadyr,RU,64.75,177.48,8.6,78,20,8.95
558,Vila do Maio,CV,15.13,-23.22,77.0,36,33,11.41
559,Viransehir,TR,37.24,39.76,24.73,85,0,8.68
560,Hope,US,33.67,-93.59,42.01,80,75,4.65
