,City,Country,Latitude,Longitude,High Temp,Humidity,Cloudiness,Wind Speed
0,Solec Kujawski,PL,53.08,18.23,39.99,69,75,23.04
1,Sidi Ali,DZ,36.1,0.42,51.8,51,0,5.32
2,Valleyview,CA,55.07,-117.29,7.9,93,100,6.42
3,Rikitea,PF,-23.12,-134.97,78.96,80,100,20.56
4,Hermanus,ZA,-34.42,19.23,72.0,88,0,8.01
5,Kamina,CD,-8.74,24.99,63.91,95,100,3.09
6,Cape Town,ZA,-33.93,18.42,72.0,82,0,1.12
7,Korla,CN,41.76,86.15,26.01,81,69,2.55
8,Kodiak,US,57.79,-152.41,32.0,95,90,17.22
9,Saint-Philippe,RE,-21.36,55.77,78.8,94,58,17.22
10,Castro,BR,-24.79,-50.01,58.42,96,84,8.01
11,Puerto Ayora,EC,-0.74,-90.35,78.64,82,68,4.47
12,Punta Arenas,CL,-53.15,-70.92,51.8,87,90,10.29
13,Fare,PF,-16.7,-151.02,81.99,79,16,14.45
14,Te Anau,NZ,-45.42,167.72,66.18,48,100,7.36
15,Naze,JP,28.37,129.48,69.8,77,75,20.8
16,Vardo,NO,70.37,31.11,31.53,79,22,19.62
17,New Norfolk,AU,-42.78,147.06,66.99,72,75,14.99
18,Ashquelon,IL,31.67,34.57,53.6,93,75,10.29
